PUBLICO;1;event1f;Manilva;+56832489-05-14
